MODE           GAMMA    C    NGRAM     BOW       F1        F1_0      F1_1      Precision P_0       P_1       Recall    R_0       R_1       
token special  0.1778   10   [1]       10        0.6224    0.4620    0.7829    0.6908    0.6911    0.6905    0.6254    0.3469    0.9038    
token special  0.0056   1000   [1]       20        0.6083    0.4358    0.7809    0.6867    0.6903    0.6831    0.6149    0.3184    0.9114    
token special  0.0010   10000   [1]       25        0.6057    0.4314    0.7801    0.6847    0.6875    0.6818    0.6128    0.3143    0.9114    
token special  0.0056   100000   [1]       30        0.6019    0.4278    0.7761    0.6748    0.6696    0.6800    0.6090    0.3143    0.9038    
token special  0.0056   1000   [1]       40        0.6148    0.4457    0.7839    0.6940    0.7018    0.6863    0.6202    0.3265    0.9139    
token special  0.0056   1000   [1]       50        0.6274    0.4703    0.7846    0.6946    0.6960    0.6932    0.6294    0.3551    0.9038    
token special  0.0056   100000   [2]       10        0.6281    0.4874    0.7687    0.6650    0.6340    0.6961    0.6271    0.3959    0.8582    
token special  0.0316   1000   [2]       20        0.6708    0.5628    0.7788    0.6908    0.6541    0.7275    0.6659    0.4939    0.8380    
token special  0.0316   100000   [2]       25        0.6848    0.5864    0.7833    0.7004    0.6615    0.7393    0.6797    0.5265    0.8329    
token special  0.0316   100000   [2]       30        0.6925    0.5950    0.7900    0.7102    0.6771    0.7433    0.6868    0.5306    0.8430    
token special  0.0316   10000   [2]       40        0.7008    0.6077    0.7938    0.7168    0.6837    0.7500    0.6950    0.5469    0.8430    
token special  0.0316   10000   [2]       50        0.7023    0.6069    0.7976    0.7218    0.6947    0.7489    0.6960    0.5388    0.8532    
token special  0.0316   10000   [1, 2]    10        0.6301    0.4728    0.7873    0.7009    0.7073    0.6944    0.6320    0.3551    0.9089    
token special  0.0056   100   [1, 2]    20        0.6161    0.4469    0.7852    0.6974    0.7080    0.6869    0.6215    0.3265    0.9165    
token special  0.0316   100   [1, 2]    25        0.6161    0.4488    0.7835    0.6926    0.6983    0.6870    0.6210    0.3306    0.9114    
token special  0.0056   10000   [1, 2]    30        0.6199    0.4578    0.7820    0.6889    0.6885    0.6892    0.6233    0.3429    0.9038    
token special  0.0010   1000   [1, 2]    40        0.6324    0.4785    0.7863    0.6983    0.7008    0.6959    0.6335    0.3633    0.9038    
token special  0.0056   10000   [1, 2]    50        0.6339    0.4783    0.7895    0.7059    0.7154    0.6963    0.6353    0.3592    0.9114    
token special  0.0316   1000   [1, 2, 3] 10        0.6212    0.4590    0.7834    0.6920    0.6942    0.6898    0.6246    0.3429    0.9063    
token special  0.0316   10   [1, 2, 3] 20        0.6148    0.4457    0.7839    0.6940    0.7018    0.6863    0.6202    0.3265    0.9139    
token special  0.0056   100000   [1, 2, 3] 25        0.6135    0.4463    0.7808    0.6861    0.6864    0.6858    0.6185    0.3306    0.9063    
token special  0.0056   10000   [1, 2, 3] 30        0.6109    0.4401    0.7818    0.6887    0.6930    0.6844    0.6169    0.3224    0.9114    
token special  0.0056   100   [1, 2, 3] 40        0.6262    0.4674    0.7851    0.6958    0.6992    0.6925    0.6287    0.3510    0.9063    
token special  0.0316   10   [1, 2, 3] 50        0.6398    0.4907    0.7890    0.7038    0.7077    0.7000    0.6397    0.3755    0.9038    
token special  0.0316   10000   [2, 3]    10        0.6270    0.4848    0.7692    0.6655    0.6358    0.6953    0.6263    0.3918    0.8608    
token special  0.1778   1000   [2, 3]    20        0.6700    0.5607    0.7793    0.6911    0.6557    0.7265    0.6652    0.4898    0.8405    
token special  0.0316   100000   [2, 3]    25        0.6925    0.5950    0.7900    0.7102    0.6771    0.7433    0.6868    0.5306    0.8430    
token special  0.0316   100000   [2, 3]    30        0.6911    0.5936    0.7886    0.7082    0.6736    0.7427    0.6856    0.5306    0.8405    
token special  0.0316   10000   [2, 3]    40        0.6979    0.6050    0.7909    0.7128    0.6768    0.7489    0.6925    0.5469    0.8380    
token special  0.0316   10000   [2, 3]    50        0.7064    0.6133    0.7995    0.7251    0.6979    0.7522    0.7001    0.5469    0.8532    
token posneg   0.0056   10   [1]       10        0.6483    0.5115    0.7852    0.6957    0.6849    0.7065    0.6459    0.4082    0.8835    
token posneg   0.0010   10   [1]       20        0.6500    0.5176    0.7823    0.6908    0.6732    0.7084    0.6469    0.4204    0.8734    
token posneg   0.0010   10   [1]       25        0.6759    0.5625    0.7894    0.7056    0.6842    0.7271    0.6704    0.4776    0.8633    
token posneg   0.0010   10   [1]       30        0.6712    0.5592    0.7832    0.6962    0.6667    0.7257    0.6661    0.4816    0.8506    
token posneg   0.0010   10   [1]       40        0.6890    0.5880    0.7901    0.7093    0.6791    0.7395    0.6832    0.5184    0.8481    
token posneg   0.0010   10   [1]       50        0.7051    0.6075    0.8028    0.7294    0.7104    0.7484    0.6982    0.5306    0.8658    
token posneg   0.0056   10   [2]       10        0.6301    0.4925    0.7677    0.6641    0.6306    0.6977    0.6286    0.4041    0.8532    
token posneg   0.0056   10   [2]       20        0.6220    0.4684    0.7756    0.6752    0.6593    0.6911    0.6234    0.3633    0.8835    
token posneg   0.0010   100   [2]       25        0.6487    0.5103    0.7870    0.6993    0.6923    0.7062    0.6463    0.4041    0.8886    
token posneg   0.0056   10   [2]       30        0.6570    0.5231    0.7910    0.7073    0.7034    0.7111    0.6537    0.4163    0.8911    
token posneg   0.0010   10   [2]       40        0.6527    0.5143    0.7911    0.7076    0.7071    0.7080    0.6501    0.4041    0.8962    
token posneg   0.0056   10   [2]       50        0.6586    0.5375    0.7797    0.6884    0.6607    0.7161    0.6544    0.4531    0.8557    
token posneg   0.0010   10   [1, 2]    10        0.6732    0.5450    0.8013    0.7279    0.7361    0.7198    0.6682    0.4327    0.9038    
token posneg   0.0010   10   [1, 2]    20        0.6944    0.5860    0.8028    0.7288    0.7202    0.7373    0.6874    0.4939    0.8810    
token posneg   0.0010   10   [1, 2]    25        0.7246    0.6359    0.8132    0.7465    0.7302    0.7627    0.7171    0.5633    0.8709    
token posneg   0.0010   10   [1, 2]    30        0.7182    0.6284    0.8081    0.7384    0.7173    0.7595    0.7112    0.5592    0.8633    
token posneg   0.0010   10   [1, 2]    40        0.7377    0.6545    0.8209    0.7586    0.7448    0.7723    0.7298    0.5837    0.8759    
token posneg   0.0010   10   [1, 2]    50        0.7342    0.6499    0.8185    0.7548    0.7396    0.7701    0.7265    0.5796    0.8734    
token posneg   0.0010   100   [1, 2, 3] 10        0.6658    0.5347    0.7969    0.7190    0.7222    0.7157    0.6616    0.4245    0.8987    
token posneg   0.0010   10   [1, 2, 3] 20        0.6948    0.5827    0.8069    0.7365    0.7375    0.7354    0.6877    0.4816    0.8937    
token posneg   0.0010   10   [1, 2, 3] 25        0.7094    0.6072    0.8116    0.7440    0.7412    0.7468    0.7014    0.5143    0.8886    
token posneg   0.0010   10   [1, 2, 3] 30        0.7150    0.6197    0.8103    0.7415    0.7293    0.7538    0.7074    0.5388    0.8759    
token posneg   0.0010   10   [1, 2, 3] 40        0.7156    0.6236    0.8076    0.7374    0.7181    0.7566    0.7084    0.5510    0.8658    
token posneg   0.0010   10   [1, 2, 3] 50        0.7313    0.6469    0.8157    0.7505    0.7320    0.7691    0.7240    0.5796    0.8684    
token posneg   0.0010   1000   [2, 3]    10        0.5995    0.4274    0.7716    0.6644    0.6500    0.6788    0.6060    0.3184    0.8937    
token posneg   0.0056   100   [2, 3]    20        0.6107    0.4665    0.7548    0.6408    0.5949    0.6867    0.6108    0.3837    0.8380    
token posneg   0.0010   100   [2, 3]    25        0.6413    0.4906    0.7921    0.7113    0.7222    0.7004    0.6414    0.3714    0.9114    
token posneg   0.0056   10   [2, 3]    30        0.6623    0.5383    0.7863    0.6990    0.6813    0.7167    0.6579    0.4449    0.8709    
token posneg   0.0056   10   [2, 3]    40        0.6519    0.5224    0.7813    0.6895    0.6688    0.7101    0.6485    0.4286    0.8684    
token posneg   0.0010   10   [2, 3]    50        0.6370    0.4895    0.7844    0.6939    0.6889    0.6990    0.6366    0.3796    0.8937    
token pos1     0.0056   10   [1]       10        0.6065    0.4541    0.7590    0.6445    0.6054    0.6836    0.6082    0.3633    0.8532    
token pos1     0.0010   10   [1]       20        0.5956    0.4199    0.7712    0.6632    0.6496    0.6769    0.6032    0.3102    0.8962    
token pos1     0.0056   10   [1]       25        0.6503    0.5165    0.7842    0.6941    0.6800    0.7082    0.6474    0.4163    0.8785    
token pos1     0.0010   100   [1]       30        0.6455    0.5026    0.7884    0.7023    0.7007    0.7038    0.6440    0.3918    0.8962    
token pos1     0.0010   100   [1]       40        0.6640    0.5344    0.7937    0.7125    0.7095    0.7154    0.6599    0.4286    0.8911    
token pos1     0.0010   100   [1]       50        0.6792    0.5538    0.8045    0.7340    0.7448    0.7232    0.6736    0.4408    0.9063    
token pos1     0.0010   10   [2]       10        0.5601    0.3512    0.7691    0.6548    0.6484    0.6612    0.5799    0.2408    0.9190    
token pos1     0.0056   10   [2]       20        0.6071    0.4365    0.7778    0.6789    0.6752    0.6826    0.6131    0.3224    0.9038    
token pos1     0.0056   10   [2]       25        0.6342    0.4735    0.7948    0.7207    0.7456    0.6958    0.6368    0.3469    0.9266    
token pos1     0.0316   10   [2]       30        0.6460    0.5000    0.7920    0.7104    0.7176    0.7033    0.6450    0.3837    0.9063    
token pos1     0.0010   10   [2]       40        0.6301    0.4728    0.7873    0.7009    0.7073    0.6944    0.6320    0.3551    0.9089    
token pos1     0.0010   10   [2]       50        0.6370    0.4895    0.7844    0.6939    0.6889    0.6990    0.6366    0.3796    0.8937    
token pos1     0.0010   10   [1, 2]    10        0.5896    0.3940    0.7852    0.7039    0.7333    0.6745    0.6043    0.2694    0.9392    
token pos1     0.0056   10   [1, 2]    20        0.6187    0.4548    0.7825    0.6901    0.6917    0.6885    0.6226    0.3388    0.9063    
token pos1     0.0056   10   [1, 2]    25        0.6658    0.5347    0.7969    0.7190    0.7222    0.7157    0.6616    0.4245    0.8987    
token pos1     0.0010   100   [1, 2]    30        0.6856    0.5579    0.8133    0.7550    0.7852    0.7248    0.6796    0.4327    0.9266    
token pos1     0.0010   100   [1, 2]    40        0.6884    0.5648    0.8121    0.7503    0.7730    0.7275    0.6819    0.4449    0.9190    
token pos1     0.0010   100   [1, 2]    50        0.7044    0.5903    0.8185    0.7608    0.7838    0.7378    0.6962    0.4735    0.9190    
token pos1     0.0010   10   [1, 2, 3] 10        0.6050    0.4211    0.7889    0.7118    0.7423    0.6814    0.6153    0.2939    0.9367    
token pos1     0.0056   10   [1, 2, 3] 20        0.6314    0.4741    0.7886    0.7040    0.7131    0.6950    0.6332    0.3551    0.9114    
token pos1     0.0056   10   [1, 2, 3] 25        0.6736    0.5440    0.8031    0.7321    0.7447    0.7194    0.6687    0.4286    0.9089    
token pos1     0.0056   10   [1, 2, 3] 30        0.6959    0.5815    0.8104    0.7439    0.7532    0.7346    0.6886    0.4735    0.9038    
token pos1     0.0056   10   [1, 2, 3] 40        0.6992    0.5897    0.8087    0.7396    0.7407    0.7385    0.6917    0.4898    0.8937    
token pos1     0.0010   100   [1, 2, 3] 50        0.6957    0.5787    0.8126    0.7491    0.7651    0.7332    0.6883    0.4653    0.9114    
token pos1     0.1778   10   [2, 3]    10        0.6072    0.4384    0.7760    0.6747    0.6667    0.6827    0.6126    0.3265    0.8987    
token pos1     0.0010   10   [2, 3]    20        0.6035    0.4176    0.7894    0.7141    0.7474    0.6807    0.6145    0.2898    0.9392    
token pos1     0.0316   10   [2, 3]    25        0.6466    0.4959    0.7974    0.7243    0.7459    0.7027    0.6465    0.3714    0.9215    
token pos1     0.0316   10   [2, 3]    30        0.6591    0.5222    0.7960    0.7179    0.7246    0.7112    0.6560    0.4082    0.9038    
token pos1     0.0316   10   [2, 3]    40        0.6522    0.5093    0.7951    0.7170    0.7273    0.7067    0.6503    0.3918    0.9089    
token pos1     0.0316   10   [2, 3]    50        0.6695    0.5441    0.7950    0.7149    0.7105    0.7193    0.6647    0.4408    0.8886    
token neg1     0.0010   10   [1]       10        0.3816    0.0000    0.7633    0.3086    0.0000    0.6172    0.5000    0.0000    1.0000    
token neg1     0.0010   10   [1]       20        0.5226    0.2883    0.7568    0.6130    0.5802    0.6458    0.5529    0.1918    0.9139    
token neg1     0.0010   10   [1]       25        0.5858    0.4169    0.7547    0.6307    0.5896    0.6719    0.5916    0.3224    0.8608    
token neg1     1.0000   10   [1]       30        0.4983    0.2326    0.7640    0.6327    0.6250    0.6404    0.5448    0.1429    0.9468    
token neg1     1.0000   10   [1]       40        0.4888    0.2116    0.7660    0.6422    0.6458    0.6385    0.5417    0.1265    0.9570    
token neg1     0.1778   10   [1]       50        0.5732    0.3831    0.7632    0.6421    0.6182    0.6660    0.5856    0.2776    0.8937    
token neg1     0.0010   10   [2]       10        0.3816    0.0000    0.7633    0.3086    0.0000    0.6172    0.5000    0.0000    1.0000    
token neg1     0.0010   10   [2]       20        0.3816    0.0000    0.7633    0.3086    0.0000    0.6172    0.5000    0.0000    1.0000    
token neg1     0.0010   10   [2]       25        0.3816    0.0000    0.7633    0.3086    0.0000    0.6172    0.5000    0.0000    1.0000    
token neg1     0.0010   10   [2]       30        0.3816    0.0000    0.7633    0.3086    0.0000    0.6172    0.5000    0.0000    1.0000    
token neg1     0.0010   10   [2]       40        0.6421    0.6471    0.6371    0.6857    0.5198    0.8517    0.6830    0.8571    0.5089    
token neg1     0.1778   10   [2]       50        0.6562    0.6552    0.6573    0.6930    0.5318    0.8543    0.6936    0.8531    0.5342    
token neg1     0.0010   100   [1, 2]    10        0.5580    0.3743    0.7417    0.6001    0.5426    0.6575    0.5682    0.2857    0.8506    
token neg1     1.0000   10   [1, 2]    20        0.5459    0.3437    0.7481    0.6037    0.5545    0.6528    0.5625    0.2490    0.8759    
token neg1     1.0000   10   [1, 2]    25        0.5322    0.2991    0.7654    0.6411    0.6316    0.6507    0.5625    0.1959    0.9291    
token neg1     1.0000   10   [1, 2]    30        0.5320    0.2848    0.7791    0.7040    0.7544    0.6535    0.5700    0.1755    0.9646    
token neg1     0.1778   10   [1, 2]    40        0.6283    0.4762    0.7805    0.6855    0.6767    0.6943    0.6292    0.3673    0.8911    
token neg1     0.1778   10   [1, 2]    50        0.6022    0.4164    0.7881    0.7099    0.7396    0.6801    0.6133    0.2898    0.9367    
token neg1     0.0010   100   [1, 2, 3] 10        0.5580    0.3743    0.7417    0.6001    0.5426    0.6575    0.5682    0.2857    0.8506    
token neg1     1.0000   10   [1, 2, 3] 20        0.5470    0.3446    0.7495    0.6066    0.5596    0.6535    0.5637    0.2490    0.8785    
token neg1     1.0000   10   [1, 2, 3] 25        0.5333    0.3000    0.7667    0.6457    0.6400    0.6513    0.5638    0.1959    0.9316    
token neg1     1.0000   10   [1, 2, 3] 30        0.5320    0.2848    0.7791    0.7040    0.7544    0.6535    0.5700    0.1755    0.9646    
token neg1     0.1778   10   [1, 2, 3] 40        0.6296    0.4775    0.7818    0.6884    0.6818    0.6949    0.6305    0.3673    0.8937    
token neg1     0.1778   10   [1, 2, 3] 50        0.6010    0.4152    0.7868    0.7058    0.7320    0.6796    0.6120    0.2898    0.9342    
token neg1     0.0010   10   [2, 3]    10        0.3816    0.0000    0.7633    0.3086    0.0000    0.6172    0.5000    0.0000    1.0000    
token neg1     0.0010   10   [2, 3]    20        0.3816    0.0000    0.7633    0.3086    0.0000    0.6172    0.5000    0.0000    1.0000    
token neg1     0.0010   10   [2, 3]    25        0.3816    0.0000    0.7633    0.3086    0.0000    0.6172    0.5000    0.0000    1.0000    
token neg1     0.0010   10   [2, 3]    30        0.3816    0.0000    0.7633    0.3086    0.0000    0.6172    0.5000    0.0000    1.0000    
token neg1     0.0056   10   [2, 3]    40        0.6437    0.6471    0.6404    0.6853    0.5212    0.8494    0.6835    0.8531    0.5139    
token neg1     0.1778   10   [2, 3]    50        0.6609    0.6561    0.6656    0.6933    0.5363    0.8504    0.6959    0.8449    0.5468    
stem special   0.0316   1000   [1]       10        0.5786    0.3837    0.7735    0.6679    0.6667    0.6691    0.5929    0.2694    0.9165    
stem special   0.0316   10   [1]       20        0.5962    0.4126    0.7798    0.6848    0.6923    0.6772    0.6064    0.2939    0.9190    
stem special   0.0010   1000   [1]       25        0.5923    0.4069    0.7777    0.6790    0.6827    0.6754    0.6031    0.2898    0.9165    
stem special   0.0056   100   [1]       30        0.6042    0.4261    0.7823    0.6910    0.7009    0.6811    0.6126    0.3061    0.9190    
stem special   0.0010   100000   [1]       40        0.6109    0.4382    0.7835    0.6935    0.7027    0.6843    0.6174    0.3184    0.9165    
stem special   0.0010   10   [1]       50        0.6109    0.4401    0.7818    0.6887    0.6930    0.6844    0.6169    0.3224    0.9114    
stem special   0.0316   10000   [2]       10        0.6189    0.4706    0.7672    0.6602    0.6301    0.6903    0.6194    0.3755    0.8633    
stem special   0.0316   10000   [2]       20        0.6527    0.5333    0.7721    0.6770    0.6400    0.7140    0.6488    0.4571    0.8405    
stem special   0.1778   10   [2]       25        0.6492    0.5286    0.7698    0.6731    0.6343    0.7118    0.6455    0.4531    0.8380    
stem special   0.0316   1000   [2]       30        0.6582    0.5455    0.7709    0.6776    0.6359    0.7193    0.6540    0.4776    0.8304    
stem special   0.0056   10000   [2]       40        0.6730    0.5688    0.7773    0.6899    0.6492    0.7305    0.6683    0.5061    0.8304    
stem special   0.0316   10000   [2]       50        0.6708    0.5628    0.7788    0.6908    0.6541    0.7275    0.6659    0.4939    0.8380    
stem special   0.0056   10000   [1, 2]    10        0.5703    0.3695    0.7710    0.6608    0.6562    0.6654    0.5868    0.2571    0.9165    
stem special   0.0056   1000   [1, 2]    20        0.6135    0.4426    0.7844    0.6955    0.7054    0.6856    0.6195    0.3224    0.9165    
stem special   0.0056   100   [1, 2]    25        0.6122    0.4413    0.7831    0.6921    0.6991    0.6850    0.6182    0.3224    0.9139    
stem special   0.0316   100   [1, 2]    30        0.6083    0.4338    0.7827    0.6915    0.7000    0.6830    0.6154    0.3143    0.9165    
stem special   0.0010   1000   [1, 2]    40        0.6161    0.4469    0.7852    0.6974    0.7080    0.6869    0.6215    0.3265    0.9165    
stem special   0.0010   1000   [1, 2]    50        0.6213    0.4556    0.7870    0.7013    0.7130    0.6895    0.6256    0.3347    0.9165    
stem special   0.1778   100   [1, 2, 3] 10        0.6186    0.4565    0.7807    0.6858    0.6829    0.6886    0.6221    0.3429    0.9013    
stem special   0.0316   10   [1, 2, 3] 20        0.6134    0.4407    0.7862    0.7005    0.7156    0.6855    0.6199    0.3184    0.9215    
stem special   0.0010   10000   [1, 2, 3] 25        0.6148    0.4457    0.7839    0.6940    0.7018    0.6863    0.6202    0.3265    0.9139    
stem special   0.0010   1000   [1, 2, 3] 30        0.6161    0.4469    0.7852    0.6974    0.7080    0.6869    0.6215    0.3265    0.9165    
stem special   0.0010   1000   [1, 2, 3] 40        0.6109    0.4382    0.7835    0.6935    0.7027    0.6843    0.6174    0.3184    0.9165    
stem special   0.0316   10   [1, 2, 3] 50        0.6225    0.4568    0.7883    0.7047    0.7193    0.6901    0.6268    0.3347    0.9190    
stem special   1.0000   100   [2, 3]    10        0.6147    0.4545    0.7748    0.6729    0.6589    0.6869    0.6178    0.3469    0.8886    
stem special   0.1778   1000   [2, 3]    20        0.6451    0.5248    0.7655    0.6668    0.6236    0.7100    0.6417    0.4531    0.8304    
stem special   0.0316   10000   [2, 3]    25        0.6679    0.5574    0.7784    0.6894    0.6538    0.7249    0.6631    0.4857    0.8405    
stem special   0.0316   100   [2, 3]    30        0.6667    0.5589    0.7745    0.6846    0.6436    0.7257    0.6621    0.4939    0.8304    
stem special   0.0316   100   [2, 3]    40        0.6709    0.5655    0.7763    0.6881    0.6474    0.7289    0.6662    0.5020    0.8304    
stem special   0.0056   100000   [2, 3]    50        0.6703    0.5688    0.7718    0.6836    0.6364    0.7308    0.6660    0.5143    0.8177    
stem posneg    0.0056   10   [1]       10        0.6174    0.4709    0.7638    0.6549    0.6200    0.6898    0.6176    0.3796    0.8557    
stem posneg    0.0010   10   [1]       20        0.6407    0.5025    0.7788    0.6835    0.6644    0.7026    0.6387    0.4041    0.8734    
stem posneg    0.0010   10   [1]       25        0.6762    0.5588    0.7936    0.7124    0.6994    0.7254    0.6706    0.4653    0.8759    
stem posneg    0.0010   10   [1]       30        0.6834    0.5686    0.7982    0.7206    0.7117    0.7296    0.6772    0.4735    0.8810    
stem posneg    0.0010   10   [1]       40        0.6993    0.5922    0.8065    0.7352    0.7305    0.7400    0.6920    0.4980    0.8861    
stem posneg    0.0010   10   [1]       50        0.7115    0.6150    0.8080    0.7377    0.7238    0.7516    0.7041    0.5347    0.8734    
stem posneg    0.0056   10   [2]       10        0.6211    0.4624    0.7797    0.6836    0.6772    0.6901    0.6236    0.3510    0.8962    
stem posneg    0.0056   10   [2]       20        0.6436    0.5039    0.7834    0.6921    0.6806    0.7036    0.6418    0.4000    0.8835    
stem posneg    0.0056   10   [2]       25        0.6645    0.5377    0.7914    0.7080    0.6993    0.7166    0.6601    0.4367    0.8835    
stem posneg    0.0010   10   [2]       30        0.6364    0.4824    0.7903    0.7077    0.7177    0.6977    0.6373    0.3633    0.9114    
stem posneg    0.0010   10   [2]       40        0.6627    0.5330    0.7923    0.7098    0.7047    0.7149    0.6586    0.4286    0.8886    
stem posneg    0.0010   10   [2]       50        0.6590    0.5279    0.7901    0.7054    0.6980    0.7128    0.6553    0.4245    0.8861    
stem posneg    0.0010   100   [1, 2]    10        0.6473    0.5150    0.7795    0.6859    0.6645    0.7072    0.6444    0.4204    0.8684    
stem posneg    0.0010   10   [1, 2]    20        0.6842    0.5707    0.7977    0.7198    0.7091    0.7305    0.6780    0.4776    0.8785    
stem posneg    0.0010   10   [1, 2]    25        0.7194    0.6199    0.8189    0.7570    0.7619    0.7521    0.7106    0.5224    0.8987    
stem posneg    0.0010   10   [1, 2]    30        0.7223    0.6229    0.8216    0.7621    0.7711    0.7532    0.7131    0.5224    0.9038    
stem posneg    0.0010   10   [1, 2]    40        0.7469    0.6603    0.8335    0.7807    0.7898    0.7716    0.7368    0.5673    0.9063    
stem posneg    0.0010   10   [1, 2]    50        0.7417    0.6606    0.8228    0.7616    0.7474    0.7758    0.7339    0.5918    0.8759    
stem posneg    0.0056   10   [1, 2, 3] 10        0.6659    0.5390    0.7928    0.7106    0.7039    0.7172    0.6614    0.4367    0.8861    
stem posneg    0.0010   10   [1, 2, 3] 20        0.6790    0.5616    0.7963    0.7173    0.7081    0.7265    0.6732    0.4653    0.8810    
stem posneg    0.0010   10   [1, 2, 3] 25        0.7229    0.6268    0.8190    0.7566    0.7572    0.7559    0.7142    0.5347    0.8937    
stem posneg    0.0010   10   [1, 2, 3] 30        0.7293    0.6346    0.8241    0.7655    0.7719    0.7591    0.7200    0.5388    0.9013    
stem posneg    0.0010   10   [1, 2, 3] 40        0.7359    0.6497    0.8221    0.7607    0.7527    0.7687    0.7275    0.5714    0.8835    
stem posneg    0.0010   10   [1, 2, 3] 50        0.7362    0.6530    0.8195    0.7564    0.7409    0.7718    0.7285    0.5837    0.8734    
stem posneg    0.0056   10   [2, 3]    10        0.6345    0.4855    0.7836    0.6921    0.6866    0.6976    0.6346    0.3755    0.8937    
stem posneg    0.0010   10   [2, 3]    20        0.6249    0.4661    0.7838    0.6927    0.6935    0.6919    0.6274    0.3510    0.9038    
stem posneg    0.0010   100   [2, 3]    25        0.6411    0.4920    0.7903    0.7069    0.7132    0.7006    0.6409    0.3755    0.9063    
stem posneg    0.0056   10   [2, 3]    30        0.6393    0.5013    0.7774    0.6810    0.6600    0.7020    0.6375    0.4041    0.8709    
stem posneg    0.0010   10   [2, 3]    40        0.6443    0.5076    0.7810    0.6879    0.6711    0.7047    0.6421    0.4082    0.8759    
stem posneg    0.0010   10   [2, 3]    50        0.6555    0.5274    0.7836    0.6937    0.6752    0.7122    0.6518    0.4327    0.8709    
stem pos1      0.0056   10   [1]       10        0.6073    0.4600    0.7545    0.6390    0.5935    0.6845    0.6080    0.3755    0.8405    
stem pos1      0.0010   100   [1]       20        0.5844    0.3954    0.7734    0.6676    0.6635    0.6716    0.5965    0.2816    0.9114    
stem pos1      0.0056   10   [1]       25        0.6159    0.4574    0.7743    0.6721    0.6565    0.6876    0.6185    0.3510    0.8861    
stem pos1      0.0010   100   [1]       30        0.6340    0.4767    0.7913    0.7106    0.7250    0.6962    0.6358    0.3551    0.9165    
stem pos1      0.0010   100   [1]       40        0.6409    0.4934    0.7885    0.7027    0.7045    0.7008    0.6404    0.3796    0.9013    
stem pos1      0.0010   100   [1]       50        0.6391    0.4948    0.7835    0.6920    0.6835    0.7006    0.6382    0.3878    0.8886    
stem pos1      0.0010   100   [2]       10        0.6288    0.4699    0.7877    0.7022    0.7107    0.6936    0.6312    0.3510    0.9114    
stem pos1      0.0056   10   [2]       20        0.6364    0.4824    0.7903    0.7077    0.7177    0.6977    0.6373    0.3633    0.9114    
stem pos1      0.0010   10   [2]       25        0.6581    0.5197    0.7964    0.7191    0.7279    0.7103    0.6552    0.4041    0.9063    
stem pos1      0.0010   10   [2]       30        0.6288    0.4699    0.7877    0.7022    0.7107    0.6936    0.6312    0.3510    0.9114    
stem pos1      0.0010   10   [2]       40        0.6358    0.4868    0.7849    0.6950    0.6917    0.6982    0.6359    0.3755    0.8962    
stem pos1      0.0010   10   [2]       50        0.6374    0.4866    0.7881    0.7020    0.7054    0.6986    0.6376    0.3714    0.9038    
stem pos1      0.0010   100   [1, 2]    10        0.6385    0.4894    0.7876    0.7009    0.7023    0.6994    0.6384    0.3755    0.9013    
stem pos1      0.0010   10   [1, 2]    20        0.6213    0.4556    0.7870    0.7013    0.7130    0.6895    0.6256    0.3347    0.9165    
stem pos1      0.0010   10   [1, 2]    25        0.6350    0.4811    0.7890    0.7045    0.7120    0.6971    0.6361    0.3633    0.9089    
stem pos1      0.0010   10   [1, 2]    30        0.6621    0.5296    0.7946    0.7145    0.7153    0.7137    0.6583    0.4204    0.8962    
stem pos1      0.0010   10   [1, 2]    40        0.6812    0.5651    0.7973    0.7190    0.7099    0.7280    0.6752    0.4694    0.8810    
stem pos1      0.0010   100   [1, 2]    50        0.6998    0.5891    0.8105    0.7432    0.7484    0.7380    0.6922    0.4857    0.8987    
stem pos1      0.0056   10   [1, 2, 3] 10        0.6581    0.5197    0.7964    0.7191    0.7279    0.7103    0.6552    0.4041    0.9063    
stem pos1      0.0010   100   [1, 2, 3] 20        0.6385    0.4894    0.7876    0.7009    0.7023    0.6994    0.6384    0.3755    0.9013    
stem pos1      0.0010   100   [1, 2, 3] 25        0.6339    0.4783    0.7895    0.7059    0.7154    0.6963    0.6353    0.3592    0.9114    
stem pos1      0.0010   10   [1, 2, 3] 30        0.6671    0.5361    0.7982    0.7218    0.7273    0.7163    0.6629    0.4245    0.9013    
stem pos1      0.0010   10   [1, 2, 3] 40        0.6833    0.5620    0.8045    0.7333    0.7400    0.7265    0.6772    0.4531    0.9013    
stem pos1      0.0010   100   [1, 2, 3] 50        0.6842    0.5642    0.8041    0.7322    0.7368    0.7275    0.6779    0.4571    0.8987    
stem pos1      0.0010   100   [2, 3]    10        0.6277    0.4602    0.7953    0.7247    0.7570    0.6923    0.6324    0.3306    0.9342    
stem pos1      0.0056   10   [2, 3]    20        0.6261    0.4690    0.7833    0.6915    0.6905    0.6926    0.6282    0.3551    0.9013    
stem pos1      0.0010   1000   [2, 3]    25        0.6260    0.4706    0.7815    0.6875    0.6822    0.6928    0.6277    0.3592    0.8962    
stem pos1      0.0010   1000   [2, 3]    30        0.6352    0.4910    0.7794    0.6839    0.6690    0.6988    0.6344    0.3878    0.8810    
stem pos1      0.0316   10   [2, 3]    40        0.6587    0.5333    0.7840    0.6948    0.6750    0.7146    0.6546    0.4408    0.8684    
stem pos1      0.1778   10   [2, 3]    50        0.6745    0.5727    0.7762    0.6894    0.6462    0.7326    0.6698    0.5143    0.8253    
stem neg1      0.0010   10   [1]       10        0.3816    0.0000    0.7633    0.3086    0.0000    0.6172    0.5000    0.0000    1.0000    
stem neg1      0.0010   10   [1]       20        0.3816    0.0000    0.7633    0.3086    0.0000    0.6172    0.5000    0.0000    1.0000    
stem neg1      1.0000   10   [1]       25        0.5763    0.3923    0.7603    0.6371    0.6068    0.6673    0.5867    0.2898    0.8835    
stem neg1      1.0000   10   [1]       30        0.5583    0.3519    0.7646    0.6425    0.6250    0.6599    0.5769    0.2449    0.9089    
stem neg1      1.0000   10   [1]       40        0.4917    0.2138    0.7697    0.6646    0.6889    0.6403    0.5455    0.1265    0.9646    
stem neg1      1.0000   10   [1]       50        0.4651    0.1643    0.7660    0.6451    0.6571    0.6331    0.5317    0.0939    0.9696    
stem neg1      0.0010   10   [2]       10        0.3816    0.0000    0.7633    0.3086    0.0000    0.6172    0.5000    0.0000    1.0000    
stem neg1      0.0316   10   [2]       20        0.3816    0.0000    0.7633    0.3086    0.0000    0.6172    0.5000    0.0000    1.0000    
stem neg1      0.0316   10   [2]       25        0.3816    0.0000    0.7633    0.3086    0.0000    0.6172    0.5000    0.0000    1.0000    
stem neg1      0.0316   10   [2]       30        0.3816    0.0000    0.7633    0.3086    0.0000    0.6172    0.5000    0.0000    1.0000    
stem neg1      0.0010   10   [2]       40        0.3816    0.0000    0.7633    0.3086    0.0000    0.6172    0.5000    0.0000    1.0000    
stem neg1      0.0056   10   [2]       50        0.5977    0.6147    0.5808    0.6511    0.4858    0.8165    0.6437    0.8367    0.4506    
stem neg1      0.0010   10   [1, 2]    10        0.3816    0.0000    0.7633    0.3086    0.0000    0.6172    0.5000    0.0000    1.0000    
stem neg1      1.0000   10   [1, 2]    20        0.5795    0.4074    0.7517    0.6238    0.5789    0.6686    0.5863    0.3143    0.8582    
stem neg1      1.0000   10   [1, 2]    25        0.5822    0.3955    0.7689    0.6563    0.6422    0.6704    0.5935    0.2857    0.9013    
stem neg1      1.0000   10   [1, 2]    30        0.5461    0.3242    0.7681    0.6511    0.6463    0.6559    0.5715    0.2163    0.9266    
stem neg1      0.1778   10   [1, 2]    40        0.6084    0.4432    0.7736    0.6697    0.6560    0.6835    0.6129    0.3347    0.8911    
stem neg1      0.1778   10   [1, 2]    50        0.5920    0.4046    0.7794    0.6842    0.6931    0.6753    0.6036    0.2857    0.9215    
stem neg1      0.0010   10   [1, 2, 3] 10        0.3816    0.0000    0.7633    0.3086    0.0000    0.6172    0.5000    0.0000    1.0000    
stem neg1      1.0000   10   [1, 2, 3] 20        0.5796    0.4094    0.7497    0.6211    0.5735    0.6687    0.5858    0.3184    0.8532    
stem neg1      1.0000   10   [1, 2, 3] 25        0.5822    0.3955    0.7689    0.6563    0.6422    0.6704    0.5935    0.2857    0.9013    
stem neg1      1.0000   10   [1, 2, 3] 30        0.5450    0.3232    0.7668    0.6469    0.6386    0.6553    0.5702    0.2163    0.9241    
stem neg1      0.1778   10   [1, 2, 3] 40        0.6110    0.4474    0.7745    0.6718    0.6587    0.6848    0.6150    0.3388    0.8911    
stem neg1      0.1778   10   [1, 2, 3] 50        0.5893    0.4000    0.7786    0.6820    0.6900    0.6741    0.6016    0.2816    0.9215    
stem neg1      0.0010   10   [2, 3]    10        0.3816    0.0000    0.7633    0.3086    0.0000    0.6172    0.5000    0.0000    1.0000    
stem neg1      0.0316   10   [2, 3]    20        0.3816    0.0000    0.7633    0.3086    0.0000    0.6172    0.5000    0.0000    1.0000    
stem neg1      0.0316   10   [2, 3]    25        0.3816    0.0000    0.7633    0.3086    0.0000    0.6172    0.5000    0.0000    1.0000    
stem neg1      0.0316   10   [2, 3]    30        0.3816    0.0000    0.7633    0.3086    0.0000    0.6172    0.5000    0.0000    1.0000    
stem neg1      0.0010   10   [2, 3]    40        0.3816    0.0000    0.7633    0.3086    0.0000    0.6172    0.5000    0.0000    1.0000    
stem neg1      0.0010   10   [2, 3]    50        0.5961    0.6138    0.5784    0.6502    0.4846    0.8157    0.6424    0.8367    0.4481    
lemma special  0.0056   10000   [1]       10        0.5734    0.3701    0.7767    0.6781    0.6889    0.6673    0.5911    0.2531    0.9291    
lemma special  0.0010   100   [1]       20        0.6122    0.4432    0.7813    0.6874    0.6897    0.6851    0.6177    0.3265    0.9089    
lemma special  0.0010   100   [1]       25        0.6197    0.4628    0.7765    0.6769    0.6641    0.6896    0.6219    0.3551    0.8886    
lemma special  0.0010   1000   [1]       30        0.6097    0.4408    0.7786    0.6809    0.6780    0.6839    0.6152    0.3265    0.9038    
lemma special  0.0056   1000   [1]       40        0.6059    0.4390    0.7728    0.6677    0.6532    0.6822    0.6109    0.3306    0.8911    
lemma special  0.0056   10000   [1]       50        0.5917    0.4144    0.7691    0.6580    0.6410    0.6750    0.5999    0.3061    0.8937    
lemma special  1.0000   10   [2]       10        0.6421    0.5190    0.7651    0.6652    0.6229    0.7075    0.6389    0.4449    0.8329    
lemma special  0.0056   10000   [2]       20        0.6884    0.6076    0.7692    0.6915    0.6288    0.7543    0.6863    0.5878    0.7848    
lemma special  0.0056   10000   [2]       25        0.6965    0.6173    0.7757    0.7000    0.6404    0.7597    0.6942    0.5959    0.7924    
lemma special  0.0316   100   [2]       30        0.6887    0.6055    0.7719    0.6932    0.6339    0.7524    0.6860    0.5796    0.7924    
lemma special  0.0316   1000   [2]       40        0.6993    0.6200    0.7787    0.7034    0.6460    0.7609    0.6967    0.5959    0.7975    
lemma special  0.0056   100000   [2]       50        0.7055    0.6269    0.7842    0.7103    0.6562    0.7644    0.7025    0.6000    0.8051    
lemma special  0.0056   1000   [1, 2]    10        0.5890    0.3977    0.7804    0.6875    0.7010    0.6740    0.6021    0.2776    0.9266    
lemma special  0.0010   100   [1, 2]    20        0.6110    0.4457    0.7763    0.6757    0.6667    0.6847    0.6154    0.3347    0.8962    
lemma special  0.0010   100   [1, 2]    25        0.6402    0.4974    0.7830    0.6911    0.6809    0.7014    0.6390    0.3918    0.8861    
lemma special  0.0010   100000   [1, 2]    30        0.6312    0.4757    0.7868    0.6996    0.7040    0.6951    0.6328    0.3592    0.9063    
lemma special  0.0010   10   [1, 2]    40        0.6381    0.4921    0.7840    0.6930    0.6861    0.6998    0.6374    0.3837    0.8911    
lemma special  0.0056   1000   [1, 2]    50        0.6321    0.4815    0.7827    0.6902    0.6842    0.6963    0.6325    0.3714    0.8937    
lemma special  0.0010   1000   [1, 2, 3] 10        0.6052    0.4232    0.7872    0.7057    0.7300    0.6815    0.6148    0.2980    0.9316    
lemma special  0.0010   100   [1, 2, 3] 20        0.6261    0.4690    0.7833    0.6915    0.6905    0.6926    0.6282    0.3551    0.9013    
lemma special  0.0010   10   [1, 2, 3] 25        0.6310    0.4787    0.7832    0.6913    0.6870    0.6955    0.6318    0.3673    0.8962    
lemma special  0.0010   100   [1, 2, 3] 30        0.6463    0.5065    0.7861    0.6975    0.6901    0.7048    0.6443    0.4000    0.8886    
lemma special  0.0010   10   [1, 2, 3] 40        0.6450    0.5052    0.7848    0.6948    0.6853    0.7042    0.6430    0.4000    0.8861    
lemma special  0.0056   100   [1, 2, 3] 50        0.6394    0.4934    0.7853    0.6958    0.6912    0.7004    0.6387    0.3837    0.8937    
lemma special  0.1778   1000   [2, 3]    10        0.6465    0.5261    0.7669    0.6689    0.6271    0.7106    0.6430    0.4531    0.8329    
lemma special  0.1778   10   [2, 3]    20        0.6782    0.5887    0.7677    0.6845    0.6267    0.7423    0.6750    0.5551    0.7949    
lemma special  0.1778   10   [2, 3]    25        0.6951    0.6160    0.7742    0.6983    0.6376    0.7591    0.6929    0.5959    0.7899    
lemma special  0.1778   10   [2, 3]    30        0.6896    0.6052    0.7740    0.6949    0.6380    0.7518    0.6865    0.5755    0.7975    
lemma special  0.0316   1000   [2, 3]    40        0.7037    0.6274    0.7801    0.7068    0.6478    0.7659    0.7015    0.6082    0.7949    
lemma special  0.0316   1000   [2, 3]    50        0.7082    0.6261    0.7902    0.7161    0.6698    0.7624    0.7040    0.5878    0.8203    
lemma pos1     0.0010   10   [1]       10        0.6121    0.4746    0.7497    0.6359    0.5833    0.6886    0.6114    0.4000    0.8228    
lemma pos1     0.0010   10   [1]       20        0.5417    0.3125    0.7708    0.6608    0.6667    0.6549    0.5704    0.2041    0.9367    
lemma pos1     0.0056   10   [1]       25        0.6277    0.4654    0.7900    0.7084    0.7241    0.6927    0.6309    0.3429    0.9190    
lemma pos1     0.0010   100   [1]       30        0.6121    0.4521    0.7721    0.6673    0.6489    0.6857    0.6152    0.3469    0.8835    
lemma pos1     0.0010   100   [1]       40        0.6389    0.4961    0.7816    0.6884    0.6761    0.7008    0.6377    0.3918    0.8835    
lemma pos1     0.0010   100   [1]       50        0.6407    0.5025    0.7788    0.6835    0.6644    0.7026    0.6387    0.4041    0.8734    
lemma pos1     0.0010   10   [2]       10        0.5967    0.4071    0.7864    0.7058    0.7340    0.6777    0.6092    0.2816    0.9367    
lemma pos1     0.0010   1000   [2]       20        0.6212    0.4501    0.7922    0.7172    0.7453    0.6891    0.6270    0.3224    0.9316    
lemma pos1     0.0010   100   [2]       25        0.6453    0.4946    0.7961    0.7210    0.7398    0.7021    0.6452    0.3714    0.9190    
lemma pos1     0.0056   10   [2]       30        0.6400    0.4892    0.7907    0.7082    0.7165    0.6998    0.6401    0.3714    0.9089    
lemma pos1     0.0010   10   [2]       40        0.6372    0.4881    0.7863    0.6979    0.6970    0.6988    0.6371    0.3755    0.8987    
lemma pos1     0.0010   10   [2]       50        0.6356    0.4882    0.7831    0.6911    0.6838    0.6984    0.6354    0.3796    0.8911    
lemma pos1     0.0010   1000   [1, 2]    10        0.6123    0.4451    0.7795    0.6829    0.6807    0.6852    0.6172    0.3306    0.9038    
lemma pos1     0.0010   10   [1, 2]    20        0.6340    0.4767    0.7913    0.7106    0.7250    0.6962    0.6358    0.3551    0.9165    
lemma pos1     0.0010   10   [1, 2]    25        0.6645    0.5277    0.8013    0.7299    0.7463    0.7134    0.6610    0.4082    0.9139    
lemma pos1     0.0010   10   [1, 2]    30        0.6685    0.5499    0.7871    0.7011    0.6807    0.7215    0.6635    0.4612    0.8658    
lemma pos1     0.0010   10   [1, 2]    40        0.6952    0.5905    0.8000    0.7242    0.7086    0.7398    0.6885    0.5061    0.8709    
lemma pos1     0.0010   100   [1, 2]    50        0.6998    0.5891    0.8105    0.7432    0.7484    0.7380    0.6922    0.4857    0.8987    
lemma pos1     0.0010   10   [1, 2, 3] 10        0.6347    0.4840    0.7854    0.6961    0.6947    0.6974    0.6351    0.3714    0.8987    
lemma pos1     0.0010   10   [1, 2, 3] 20        0.6329    0.4722    0.7935    0.7172    0.7391    0.6952    0.6355    0.3469    0.9241    
lemma pos1     0.0010   100   [1, 2, 3] 25        0.6828    0.5550    0.8107    0.7487    0.7737    0.7237    0.6771    0.4327    0.9215    
lemma pos1     0.0010   10   [1, 2, 3] 30        0.6503    0.5104    0.7902    0.7058    0.7050    0.7066    0.6481    0.4000    0.8962    
lemma pos1     0.0010   100   [1, 2, 3] 40        0.6934    0.5813    0.8055    0.7339    0.7329    0.7349    0.6864    0.4816    0.8911    
lemma pos1     0.0010   10   [1, 2, 3] 50        0.6845    0.5672    0.8018    0.7274    0.7261    0.7288    0.6782    0.4653    0.8911    
lemma pos1     0.0010   10   [2, 3]    10        0.6010    0.4152    0.7868    0.7058    0.7320    0.6796    0.6120    0.2898    0.9342    
lemma pos1     0.0056   10   [2, 3]    20        0.6290    0.4615    0.7966    0.7285    0.7642    0.6929    0.6337    0.3306    0.9367    
lemma pos1     0.0010   10   [2, 3]    25        0.6186    0.4457    0.7914    0.7154    0.7429    0.6879    0.6250    0.3184    0.9316    
lemma pos1     0.0010   10   [2, 3]    30        0.6066    0.4265    0.7867    0.7038    0.7255    0.6822    0.6156    0.3020    0.9291    
lemma pos1     0.0010   10   [2, 3]    40        0.6400    0.4892    0.7907    0.7082    0.7165    0.6998    0.6401    0.3714    0.9089    
lemma pos1     0.0010   10   [2, 3]    50        0.6426    0.4919    0.7934    0.7145    0.7280    0.7010    0.6427    0.3714    0.9139    
lemma neg1     0.0010   10   [1]       10        0.3816    0.0000    0.7633    0.3086    0.0000    0.6172    0.5000    0.0000    1.0000    
lemma neg1     0.0010   10   [1]       20        0.4605    0.1655    0.7556    0.5810    0.5333    0.6286    0.5224    0.0980    0.9468    
lemma neg1     1.0000   10   [1]       25        0.5871    0.4199    0.7542    0.6304    0.5882    0.6726    0.5924    0.3265    0.8582    
lemma neg1     1.0000   10   [1]       30        0.5573    0.3463    0.7683    0.6522    0.6444    0.6600    0.5779    0.2367    0.9190    
lemma neg1     1.0000   10   [1]       40        0.4732    0.1818    0.7646    0.6343    0.6341    0.6344    0.5341    0.1061    0.9620    
lemma neg1     1.0000   10   [1]       50        0.4604    0.1527    0.7682    0.6664    0.7000    0.6328    0.5315    0.0857    0.9772    
lemma neg1     0.0010   10   [2]       10        0.3816    0.0000    0.7633    0.3086    0.0000    0.6172    0.5000    0.0000    1.0000    
lemma neg1     0.0010   10   [2]       20        0.3816    0.0000    0.7633    0.3086    0.0000    0.6172    0.5000    0.0000    1.0000    
lemma neg1     0.0010   10   [2]       25        0.6167    0.6305    0.6029    0.6689    0.5000    0.8378    0.6620    0.8531    0.4709    
lemma neg1     0.0056   10   [2]       30        0.6265    0.6329    0.6200    0.6704    0.5074    0.8333    0.6672    0.8408    0.4937    
lemma neg1     0.0056   10   [2]       40        0.6391    0.6374    0.6407    0.6743    0.5179    0.8306    0.6750    0.8286    0.5215    
lemma neg1     0.1778   10   [2]       50        0.6523    0.6349    0.6696    0.6720    0.5317    0.8123    0.6787    0.7878    0.5696    
lemma neg1     0.0010   10   [1, 2]    10        0.6693    0.5918    0.7468    0.6693    0.5918    0.7468    0.6693    0.5918    0.7468    
lemma neg1     1.0000   10   [1, 2]    20        0.6111    0.4635    0.7588    0.6459    0.6053    0.6865    0.6118    0.3755    0.8481    
lemma neg1     1.0000   10   [1, 2]    25        0.5838    0.4011    0.7666    0.6513    0.6316    0.6711    0.5938    0.2939    0.8937    
lemma neg1     0.1778   10   [1, 2]    30        0.6383    0.4987    0.7779    0.6817    0.6622    0.7012    0.6367    0.4000    0.8734    
lemma neg1     0.1778   10   [1, 2]    40        0.5908    0.3952    0.7865    0.7084    0.7416    0.6751    0.6056    0.2694    0.9418    
lemma neg1     0.0316   10   [1, 2]    50        0.6545    0.5503    0.7587    0.6652    0.6089    0.7215    0.6510    0.5020    0.8000    
lemma neg1     0.0010   10   [1, 2, 3] 10        0.6679    0.5906    0.7452    0.6678    0.5894    0.7462    0.6681    0.5918    0.7443    
lemma neg1     1.0000   10   [1, 2, 3] 20        0.6176    0.4694    0.7658    0.6578    0.6259    0.6897    0.6181    0.3755    0.8608    
lemma neg1     1.0000   10   [1, 2, 3] 25        0.5851    0.4022    0.7679    0.6544    0.6372    0.6717    0.5950    0.2939    0.8962    
lemma neg1     0.1778   10   [1, 2, 3] 30        0.6370    0.4975    0.7765    0.6792    0.6577    0.7006    0.6354    0.4000    0.8709    
lemma neg1     0.1778   10   [1, 2, 3] 40        0.5908    0.3952    0.7865    0.7084    0.7416    0.6751    0.6056    0.2694    0.9418    
lemma neg1     0.0316   10   [1, 2, 3] 50        0.6580    0.5575    0.7585    0.6669    0.6087    0.7252    0.6546    0.5143    0.7949    
lemma neg1     0.0010   10   [2, 3]    10        0.3816    0.0000    0.7633    0.3086    0.0000    0.6172    0.5000    0.0000    1.0000    
lemma neg1     0.0010   10   [2, 3]    20        0.6074    0.6203    0.5945    0.6571    0.4928    0.8214    0.6513    0.8367    0.4658    
lemma neg1     0.0010   10   [2, 3]    25        0.6151    0.6295    0.6006    0.6680    0.4988    0.8371    0.6607    0.8531    0.4684    
lemma neg1     0.0056   10   [2, 3]    30        0.6265    0.6329    0.6200    0.6704    0.5074    0.8333    0.6672    0.8408    0.4937    
lemma neg1     0.0056   10   [2, 3]    40        0.6437    0.6404    0.6471    0.6773    0.5219    0.8327    0.6788    0.8286    0.5291    
lemma neg1     0.1778   10   [2, 3]    50        0.6582    0.6379    0.6785    0.6753    0.5378    0.8127    0.6830    0.7837    0.5823    
pos special    0.0056   1000   [1]       10        0.5126    0.2597    0.7654    0.6398    0.6349    0.6447    0.5525    0.1633    0.9418    
pos special    0.0316   10   [1]       20        0.5265    0.2801    0.7729    0.6720    0.6935    0.6505    0.5637    0.1755    0.9519    
pos special    0.0056   10000   [1]       25        0.5190    0.2680    0.7700    0.6599    0.6721    0.6477    0.5584    0.1673    0.9494    
pos special    0.0316   10   [1]       30        0.5349    0.2958    0.7740    0.6751    0.6970    0.6533    0.5686    0.1878    0.9494    
pos special    0.0010   1000   [1]       40        0.5316    0.2930    0.7702    0.6591    0.6667    0.6515    0.5648    0.1878    0.9418    
pos special    0.0056   1000   [1]       50        0.5338    0.2949    0.7727    0.6696    0.6866    0.6527    0.5673    0.1878    0.9468    
pos special    0.0010   10000   [2]       10        0.6135    0.4499    0.7772    0.6777    0.6694    0.6860    0.6175    0.3388    0.8962    
pos special    0.0010   100   [2]       20        0.6564    0.5297    0.7831    0.6930    0.6730    0.7131    0.6525    0.4367    0.8684    
pos special    0.0010   100   [2]       25        0.6532    0.5237    0.7827    0.6919    0.6731    0.7107    0.6497    0.4286    0.8709    
pos special    0.0010   100   [2]       30        0.6582    0.5300    0.7864    0.6986    0.6839    0.7134    0.6543    0.4327    0.8759    
pos special    0.0010   10   [2]       40        0.6463    0.5065    0.7861    0.6975    0.6901    0.7048    0.6443    0.4000    0.8886    
pos special    0.0010   10   [2]       50        0.6367    0.4909    0.7826    0.6902    0.6812    0.6992    0.6361    0.3837    0.8886    
pos special    0.0056   100   [1, 2]    10        0.6045    0.4321    0.7769    0.6769    0.6724    0.6813    0.6111    0.3184    0.9038    
pos special    0.0010   1000   [1, 2]    20        0.6006    0.4246    0.7766    0.6759    0.6726    0.6793    0.6083    0.3102    0.9063    
pos special    0.0056   100   [1, 2]    25        0.6084    0.4377    0.7791    0.6821    0.6810    0.6832    0.6144    0.3224    0.9063    
pos special    0.0056   100   [1, 2]    30        0.6071    0.4365    0.7778    0.6789    0.6752    0.6826    0.6131    0.3224    0.9038    
pos special    0.0056   10   [1, 2]    40        0.6110    0.4474    0.7745    0.6718    0.6587    0.6848    0.6150    0.3388    0.8911    
pos special    0.0010   100   [1, 2]    50        0.6202    0.4718    0.7685    0.6627    0.6345    0.6909    0.6207    0.3755    0.8658    
pos special    0.0056   100   [1, 2, 3] 10        0.6033    0.4309    0.7756    0.6737    0.6667    0.6807    0.6098    0.3184    0.9013    
pos special    0.0056   100   [1, 2, 3] 20        0.6083    0.4358    0.7809    0.6867    0.6903    0.6831    0.6149    0.3184    0.9114    
pos special    0.0010   1000   [1, 2, 3] 25        0.6057    0.4314    0.7801    0.6847    0.6875    0.6818    0.6128    0.3143    0.9114    
pos special    0.0056   100   [1, 2, 3] 30        0.6199    0.4560    0.7838    0.6933    0.6975    0.6891    0.6238    0.3388    0.9089    
pos special    0.0056   10   [1, 2, 3] 40        0.6233    0.4697    0.7769    0.6779    0.6642    0.6917    0.6247    0.3633    0.8861    
pos special    0.0010   10000   [1, 2, 3] 50        0.6084    0.4396    0.7773    0.6778    0.6723    0.6833    0.6139    0.3265    0.9013    
pos special    0.0056   100   [2, 3]    10        0.6247    0.4693    0.7801    0.6845    0.6769    0.6922    0.6264    0.3592    0.8937    
pos special    0.0010   10000   [2, 3]    20        0.6455    0.5026    0.7884    0.7023    0.7007    0.7038    0.6440    0.3918    0.8962    
pos special    0.0056   1000   [2, 3]    25        0.6347    0.4840    0.7854    0.6961    0.6947    0.6974    0.6351    0.3714    0.8987    
pos special    0.0010   10000   [2, 3]    30        0.6469    0.5039    0.7898    0.7051    0.7059    0.7044    0.6453    0.3918    0.8987    
pos special    0.0010   100   [2, 3]    40        0.6513    0.5189    0.7837    0.6933    0.6776    0.7090    0.6482    0.4204    0.8759    
pos special    0.0010   100   [2, 3]    50        0.6582    0.5300    0.7864    0.6986    0.6839    0.7134    0.6543    0.4327    0.8759    
pos posneg     0.0010   10   [1]       10        0.5787    0.3944    0.7630    0.6430    0.6174    0.6686    0.5892    0.2898    0.8886    
pos posneg     1.0000   10   [1]       20        0.4456    0.1208    0.7704    0.7153    0.8000    0.6306    0.5276    0.0653    0.9899    
pos posneg     0.0010   10   [1]       25        0.6405    0.4961    0.7848    0.6948    0.6884    0.7012    0.6394    0.3878    0.8911    
pos posneg     0.0010   10   [1]       30        0.6144    0.4595    0.7692    0.6625    0.6377    0.6873    0.6163    0.3592    0.8734    
pos posneg     1.0000   10   [1]       40        0.4028    0.0398    0.7658    0.7274    0.8333    0.6215    0.5089    0.0204    0.9975    
pos posneg     1.0000   10   [1]       50        0.3985    0.0320    0.7650    0.7102    0.8000    0.6205    0.5069    0.0163    0.9975    
pos posneg     0.0010   10   [2]       10        0.6530    0.5131    0.7929    0.7115    0.7153    0.7078    0.6506    0.4000    0.9013    
pos posneg     0.0010   100   [2]       20        0.6655    0.5400    0.7909    0.7071    0.6968    0.7175    0.6609    0.4408    0.8810    
pos posneg     0.0010   10   [2]       25        0.6705    0.5464    0.7946    0.7140    0.7078    0.7202    0.6655    0.4449    0.8861    
pos posneg     0.0010   10   [2]       30        0.6923    0.5764    0.8082    0.7396    0.7468    0.7325    0.6853    0.4694    0.9013    
pos posneg     0.0010   100   [2]       40        0.6755    0.5660    0.7850    0.6996    0.6704    0.7289    0.6702    0.4898    0.8506    
pos posneg     0.0010   10   [2]       50        0.6848    0.5814    0.7882    0.7060    0.6757    0.7363    0.6792    0.5102    0.8481    
pos posneg     0.0010   10   [1, 2]    10        0.6845    0.5672    0.8018    0.7274    0.7261    0.7288    0.6782    0.4653    0.8911    
pos posneg     0.0010   10   [1, 2]    20        0.7248    0.6340    0.8155    0.7500    0.7391    0.7610    0.7168    0.5551    0.8785    
pos posneg     0.0010   10   [1, 2]    25        0.7086    0.6143    0.8028    0.7298    0.7074    0.7522    0.7018    0.5429    0.8608    
pos posneg     0.0010   10   [1, 2]    30        0.7022    0.6091    0.7952    0.7189    0.6872    0.7506    0.6963    0.5469    0.8456    
pos posneg     0.0010   10   [1, 2]    40        0.6956    0.6062    0.7850    0.7062    0.6618    0.7506    0.6910    0.5592    0.8228    
pos posneg     0.0010   10   [1, 2]    50        0.6968    0.6096    0.7840    0.7058    0.6588    0.7529    0.6925    0.5673    0.8177    
pos posneg     0.0010   10   [1, 2, 3] 10        0.6764    0.5510    0.8018    0.7284    0.7347    0.7221    0.6710    0.4408    0.9013    
pos posneg     0.0010   10   [1, 2, 3] 20        0.7002    0.5967    0.8037    0.7304    0.7184    0.7425    0.6931    0.5102    0.8759    
pos posneg     0.0010   10   [1, 2, 3] 25        0.7278    0.6424    0.8133    0.7468    0.7268    0.7668    0.7207    0.5755    0.8658    
pos posneg     0.0056   100   [1, 2, 3] 30        0.6800    0.5830    0.7770    0.6924    0.6468    0.7380    0.6754    0.5306    0.8203    
pos posneg     0.0056   100   [1, 2, 3] 40        0.6925    0.5950    0.7900    0.7102    0.6771    0.7433    0.6868    0.5306    0.8430    
pos posneg     0.0056   10   [1, 2, 3] 50        0.6559    0.5349    0.7769    0.6839    0.6529    0.7149    0.6518    0.4531    0.8506    
pos posneg     0.0010   10   [2, 3]    10        0.6287    0.4715    0.7859    0.6977    0.7016    0.6938    0.6307    0.3551    0.9063    
pos posneg     0.0010   10   [2, 3]    20        0.6590    0.5279    0.7901    0.7054    0.6980    0.7128    0.6553    0.4245    0.8861    
pos posneg     0.0010   10   [2, 3]    25        0.6777    0.5564    0.7991    0.7225    0.7208    0.7243    0.6721    0.4531    0.8911    
pos posneg     0.0010   10   [2, 3]    30        0.6884    0.5749    0.8018    0.7272    0.7222    0.7322    0.6818    0.4776    0.8861    
pos posneg     0.0010   10   [2, 3]    40        0.6824    0.5728    0.7921    0.7107    0.6897    0.7318    0.6765    0.4898    0.8633    
pos posneg     0.0010   10   [2, 3]    50        0.6786    0.5792    0.7780    0.6928    0.6497    0.7359    0.6739    0.5224    0.8253    
pos pos1       0.0056   10   [1]       10        0.4615    0.1620    0.7610    0.6102    0.5897    0.6306    0.5267    0.0939    0.9595    
pos pos1       0.0010   1000   [1]       20        0.5136    0.2667    0.7606    0.6219    0.6000    0.6439    0.5503    0.1714    0.9291    
pos pos1       0.0056   10   [1]       25        0.4963    0.2310    0.7615    0.6213    0.6034    0.6392    0.5423    0.1429    0.9418    
pos pos1       0.0056   10   [1]       30        0.4955    0.2338    0.7572    0.6046    0.5714    0.6378    0.5393    0.1469    0.9316    
pos pos1       0.0010   100   [1]       40        0.4932    0.2288    0.7577    0.6055    0.5738    0.6373    0.5385    0.1429    0.9342    
pos pos1       1.0000   10   [1]       50        0.4294    0.1075    0.7512    0.5308    0.4412    0.6205    0.5066    0.0612    0.9519    
pos pos1       0.0010   10000   [2]       10        0.6261    0.4690    0.7833    0.6915    0.6905    0.6926    0.6282    0.3551    0.9013    
pos pos1       0.0010   100   [2]       20        0.5856    0.3966    0.7747    0.6711    0.6699    0.6723    0.5978    0.2816    0.9139    
pos pos1       0.0056   10   [2]       25        0.5892    0.4121    0.7664    0.6520    0.6303    0.6737    0.5974    0.3061    0.8886    
pos pos1       0.0010   100   [2]       30        0.6059    0.4372    0.7746    0.6716    0.6612    0.6821    0.6114    0.3265    0.8962    
pos pos1       0.0010   10   [2]       40        0.5943    0.4187    0.7699    0.6602    0.6441    0.6762    0.6019    0.3102    0.8937    
pos pos1       0.0010   10   [2]       50        0.5958    0.4259    0.7657    0.6520    0.6270    0.6770    0.6017    0.3224    0.8810    
pos pos1       0.0056   10   [1, 2]    10        0.5762    0.3815    0.7709    0.6607    0.6535    0.6679    0.5904    0.2694    0.9114    
pos pos1       0.0010   100   [1, 2]    20        0.5836    0.3989    0.7684    0.6554    0.6396    0.6711    0.5943    0.2898    0.8987    
pos pos1       0.0010   10   [1, 2]    25        0.6021    0.4317    0.7724    0.6665    0.6529    0.6802    0.6081    0.3224    0.8937    
pos pos1       0.0010   10   [1, 2]    30        0.6059    0.4427    0.7691    0.6604    0.6385    0.6824    0.6099    0.3388    0.8810    
pos pos1       0.0010   10   [1, 2]    40        0.6072    0.4420    0.7723    0.6668    0.6508    0.6829    0.6117    0.3347    0.8886    
pos pos1       1.0000   10   [1, 2]    50        0.3861    0.0081    0.7640    0.8091    1.0000    0.6182    0.5020    0.0041    1.0000    
pos pos1       0.0010   10   [1, 2, 3] 10        0.5799    0.3784    0.7814    0.6931    0.7159    0.6703    0.5969    0.2571    0.9367    
pos pos1       0.0010   100   [1, 2, 3] 20        0.6250    0.4645    0.7856    0.6971    0.7025    0.6917    0.6279    0.3469    0.9089    
pos pos1       0.0010   10   [1, 2, 3] 25        0.6223    0.4636    0.7811    0.6866    0.6825    0.6907    0.6249    0.3510    0.8987    
pos pos1       0.0010   10   [1, 2, 3] 30        0.6372    0.4881    0.7863    0.6979    0.6970    0.6988    0.6371    0.3755    0.8987    
pos pos1       0.0010   10   [1, 2, 3] 40        0.6249    0.4661    0.7838    0.6927    0.6935    0.6919    0.6274    0.3510    0.9038    
pos pos1       0.0010   10   [1, 2, 3] 50        0.6410    0.5013    0.7807    0.6868    0.6712    0.7024    0.6392    0.4000    0.8785    
pos pos1       0.0010   10   [2, 3]    10        0.5799    0.3784    0.7814    0.6931    0.7159    0.6703    0.5969    0.2571    0.9367    
pos pos1       0.0010   10   [2, 3]    20        0.6272    0.4734    0.7810    0.6865    0.6794    0.6935    0.6285    0.3633    0.8937    
pos pos1       0.0010   10   [2, 3]    25        0.6187    0.4548    0.7825    0.6901    0.6917    0.6885    0.6226    0.3388    0.9063    
pos pos1       0.0010   10   [2, 3]    30        0.6249    0.4661    0.7838    0.6927    0.6935    0.6919    0.6274    0.3510    0.9038    
pos pos1       0.0010   10   [2, 3]    40        0.6388    0.4865    0.7912    0.7095    0.7200    0.6990    0.6394    0.3673    0.9114    
pos pos1       0.0010   10   [2, 3]    50        0.6385    0.4894    0.7876    0.7009    0.7023    0.6994    0.6384    0.3755    0.9013    
pos neg1       0.0010   1000   [1]       10        0.4250    0.0952    0.7547    0.5426    0.4643    0.6209    0.5075    0.0531    0.9620    
pos neg1       0.0010   10   [1]       20        0.4272    0.1014    0.7530    0.5362    0.4516    0.6207    0.5071    0.0571    0.9570    
pos neg1       0.0010   10   [1]       25        0.4272    0.1014    0.7530    0.5362    0.4516    0.6207    0.5071    0.0571    0.9570    
pos neg1       0.0010   10   [1]       30        0.4272    0.1014    0.7530    0.5362    0.4516    0.6207    0.5071    0.0571    0.9570    
pos neg1       0.0010   10   [1]       40        0.4272    0.1014    0.7530    0.5362    0.4516    0.6207    0.5071    0.0571    0.9570    
pos neg1       0.0010   10   [1]       50        0.4272    0.1014    0.7530    0.5362    0.4516    0.6207    0.5071    0.0571    0.9570    
pos neg1       0.0010   10   [2]       10        0.3816    0.0000    0.7633    0.3086    0.0000    0.6172    0.5000    0.0000    1.0000    
pos neg1       0.0010   10   [2]       20        0.3816    0.0000    0.7633    0.3086    0.0000    0.6172    0.5000    0.0000    1.0000    
pos neg1       0.0010   10   [2]       25        0.3816    0.0000    0.7633    0.3086    0.0000    0.6172    0.5000    0.0000    1.0000    
pos neg1       0.0010   10   [2]       30        0.5405    0.3416    0.7394    0.5874    0.5254    0.6494    0.5556    0.2531    0.8582    
pos neg1       1.0000   10   [2]       40        0.5556    0.3723    0.7389    0.5953    0.5344    0.6562    0.5656    0.2857    0.8456    
pos neg1       1.0000   10   [2]       50        0.5700    0.3846    0.7555    0.6262    0.5882    0.6641    0.5808    0.2857    0.8759    
pos neg1       0.0010   10   [1, 2]    10        0.5738    0.3793    0.7682    0.6537    0.6408    0.6667    0.5879    0.2694    0.9063    
pos neg1       1.0000   10   [1, 2]    20        0.5852    0.3855    0.7848    0.7042    0.7356    0.6727    0.6015    0.2612    0.9418    
pos neg1       1.0000   10   [1, 2]    25        0.5276    0.2781    0.7771    0.6943    0.7368    0.6518    0.5667    0.1714    0.9620    
pos neg1       1.0000   10   [1, 2]    30        0.5130    0.2474    0.7786    0.7154    0.7826    0.6481    0.5608    0.1469    0.9747    
pos neg1       1.0000   10   [1, 2]    40        0.5057    0.2316    0.7799    0.7358    0.8250    0.6467    0.5585    0.1347    0.9823    
pos neg1       0.1778   10   [1, 2]    50        0.5655    0.3537    0.7773    0.6815    0.6988    0.6643    0.5867    0.2367    0.9367    
pos neg1       0.0010   10   [1, 2, 3] 10        0.6238    0.4916    0.7561    0.6479    0.6000    0.6957    0.6221    0.4163    0.8278    
pos neg1       1.0000   10   [1, 2, 3] 20        0.5738    0.3614    0.7862    0.7158    0.7632    0.6684    0.5956    0.2367    0.9544    
pos neg1       1.0000   10   [1, 2, 3] 25        0.5287    0.2761    0.7813    0.7208    0.7885    0.6531    0.5697    0.1673    0.9722    
pos neg1       0.1778   10   [1, 2, 3] 30        0.5945    0.3988    0.7903    0.7222    0.7674    0.6769    0.6094    0.2694    0.9494    
pos neg1       1.0000   10   [1, 2, 3] 40        0.4971    0.2143    0.7800    0.7509    0.8571    0.6446    0.5549    0.1224    0.9873    
pos neg1       0.1778   10   [1, 2, 3] 50        0.5362    0.2941    0.7782    0.6961    0.7377    0.6546    0.5716    0.1837    0.9595    
pos neg1       0.0010   10   [2, 3]    10        0.3816    0.0000    0.7633    0.3086    0.0000    0.6172    0.5000    0.0000    1.0000    
pos neg1       0.0010   10   [2, 3]    20        0.5685    0.4040    0.7330    0.5962    0.5298    0.6626    0.5734    0.3265    0.8203    
pos neg1       1.0000   10   [2, 3]    25        0.5745    0.4169    0.7320    0.5988    0.5316    0.6660    0.5778    0.3429    0.8127    
pos neg1       1.0000   10   [2, 3]    30        0.5648    0.3928    0.7368    0.5979    0.5352    0.6606    0.5716    0.3102    0.8329    
pos neg1       1.0000   10   [2, 3]    40        0.5497    0.3562    0.7432    0.5978    0.5417    0.6538    0.5630    0.2653    0.8608    
pos neg1       1.0000   10   [2, 3]    50        0.5642    0.3708    0.7576    0.6281    0.5946    0.6616    0.5777    0.2694    0.8861    
dummy freq     0.0000   0   [1, 2]    40        0.3816    0.0000    0.7633    0.3086    0.0000    0.6172    0.5000    0.0000    1.0000    
dummy strat    0.0000   0   [1, 2]    40        0.4649    0.3277    0.6020    0.4647    0.3377    0.5917    0.4655    0.3184    0.6127    
dummy unif     0.0000   0   [1, 2]    40        0.5085    0.4432    0.5738    0.5135    0.3968    0.6303    0.5143    0.5020    0.5266    
token posneg   0.0010   10   [1, 2]    60        0.7394    0.6591    0.8196    0.7567    0.7374    0.7760    0.7321    0.5959    0.8684    
token posneg   0.0010   10   [1, 2]    70        0.7246    0.6463    0.8029    0.7338    0.6948    0.7728    0.7198    0.6041    0.8354    
token posneg   0.0010   10   [1, 2]    80        0.7387    0.6681    0.8093    0.7449    0.7027    0.7871    0.7348    0.6367    0.8329    
token posneg   0.0010   10   [1, 2]    90        0.7233    0.6481    0.7985    0.7295    0.6833    0.7757    0.7196    0.6163    0.8228    
token posneg   0.0010   10   [1, 2]    100       0.7248    0.6525    0.7970    0.7290    0.6784    0.7797    0.7219    0.6286    0.8152    
token posneg   0.0010   10   [1, 2]    110       0.7045    0.6237    0.7853    0.7105    0.6591    0.7619    0.7010    0.5918    0.8101    
token posneg   0.0010   10   [1, 2]    120       0.7076    0.6331    0.7821    0.7102    0.6509    0.7696    0.7056    0.6163    0.7949    
token posneg   0.0010   10   [1, 2]    130       0.7205    0.6484    0.7925    0.7238    0.6696    0.7780    0.7181    0.6286    0.8076    
token posneg   0.0010   10   [1, 2]    140       0.7128    0.6369    0.7886    0.7171    0.6637    0.7705    0.7099    0.6122    0.8076    
token posneg   0.0010   10   [1, 2]    150       0.7119    0.6371    0.7866    0.7153    0.6594    0.7713    0.7094    0.6163    0.8025    
token posneg   0.0010   10   [1, 2, 3] 60        0.7334    0.6580    0.8088    0.7425    0.7056    0.7793    0.7284    0.6163    0.8405    
token posneg   0.0010   10   [1, 2, 3] 70        0.7039    0.6164    0.7913    0.7153    0.6748    0.7558    0.6989    0.5673    0.8304    
token posneg   0.0010   10   [1, 2, 3] 80        0.7252    0.6510    0.7995    0.7311    0.6847    0.7775    0.7216    0.6204    0.8228    
token posneg   0.0010   10   [1, 2, 3] 90        0.7130    0.6318    0.7942    0.7214    0.6776    0.7653    0.7086    0.5918    0.8253    
token posneg   0.0010   10   [1, 2, 3] 100       0.7219    0.6467    0.7970    0.7276    0.6802    0.7751    0.7183    0.6163    0.8203    
token posneg   0.0010   10   [1, 2, 3] 110       0.7183    0.6391    0.7976    0.7266    0.6837    0.7694    0.7139    0.6000    0.8278    
token posneg   0.0010   10   [1, 2, 3] 120       0.7103    0.6325    0.7882    0.7155    0.6637    0.7674    0.7071    0.6041    0.8101    
token posneg   0.0010   10   [1, 2, 3] 130       0.7194    0.6422    0.7966    0.7262    0.6804    0.7720    0.7155    0.6082    0.8228    
token posneg   0.0010   10   [1, 2, 3] 140       0.7233    0.6481    0.7985    0.7295    0.6833    0.7757    0.7196    0.6163    0.8228    
token posneg   0.0010   10   [1, 2, 3] 150       0.7146    0.6366    0.7926    0.7209    0.6727    0.7690    0.7109    0.6041    0.8177    
stem posneg    0.0010   10   [1, 2]    60        0.7503    0.6742    0.8263    0.7670    0.7500    0.7841    0.7428    0.6122    0.8734    
stem posneg    0.0010   10   [1, 2]    70        0.7440    0.6725    0.8156    0.7527    0.7176    0.7877    0.7391    0.6327    0.8456    
stem posneg    0.0010   10   [1, 2]    80        0.7348    0.6594    0.8102    0.7444    0.7089    0.7799    0.7297    0.6163    0.8430    
stem posneg    0.0010   10   [1, 2]    90        0.7276    0.6523    0.8029    0.7350    0.6927    0.7773    0.7234    0.6163    0.8304    
stem posneg    0.0010   10   [1, 2]    100       0.7431    0.6724    0.8137    0.7505    0.7123    0.7886    0.7386    0.6367    0.8405    
stem posneg    0.0010   10   [1, 2]    110       0.7382    0.6695    0.8069    0.7427    0.6960    0.7893    0.7351    0.6449    0.8253    
stem posneg    0.0010   10   [1, 2]    120       0.7329    0.6653    0.8005    0.7356    0.6824    0.7887    0.7308    0.6490    0.8127    
stem posneg    0.0010   10   [1, 2]    130       0.7291    0.6597    0.7985    0.7322    0.6797    0.7848    0.7267    0.6408    0.8127    
stem posneg    0.0010   10   [1, 2]    140       0.7124    0.6418    0.7829    0.7137    0.6513    0.7761    0.7113    0.6327    0.7899    
stem posneg    0.0010   100   [1, 2]    150       0.7081    0.6379    0.7783    0.7088    0.6432    0.7744    0.7075    0.6327    0.7823    
stem posneg    0.0010   10   [1, 2, 3] 60        0.7221    0.6366    0.8076    0.7384    0.7121    0.7647    0.7156    0.5755    0.8557    
stem posneg    0.0010   10   [1, 2, 3] 70        0.7135    0.6281    0.7990    0.7263    0.6912    0.7615    0.7080    0.5755    0.8405    
stem posneg    0.0010   10   [1, 2, 3] 80        0.7314    0.6550    0.8078    0.7409    0.7042    0.7775    0.7264    0.6122    0.8405    
stem posneg    0.0010   10   [1, 2, 3] 90        0.7332    0.6549    0.8116    0.7455    0.7150    0.7760    0.7274    0.6041    0.8506    
stem posneg    0.0010   10   [1, 2, 3] 100       0.7416    0.6681    0.8151    0.7514    0.7183    0.7845    0.7363    0.6245    0.8481    
stem posneg    0.0010   10   [1, 2, 3] 110       0.7219    0.6467    0.7970    0.7276    0.6802    0.7751    0.7183    0.6163    0.8203    
stem posneg    0.0010   10   [1, 2, 3] 120       0.7208    0.6436    0.7980    0.7280    0.6835    0.7725    0.7167    0.6082    0.8253    
stem posneg    0.0010   10   [1, 2, 3] 130       0.7156    0.6397    0.7916    0.7206    0.6696    0.7716    0.7125    0.6122    0.8127    
stem posneg    0.0010   10   [1, 2, 3] 140       0.7108    0.6340    0.7877    0.7154    0.6622    0.7687    0.7079    0.6082    0.8076    
stem posneg    0.0010   10   [1, 2, 3] 150       0.7368    0.6652    0.8084    0.7433    0.7014    0.7852    0.7328    0.6327    0.8329    
lemma posneg   0.0010   100   [1]       10        0.6527    0.5143    0.7911    0.7076    0.7071    0.7080    0.6501    0.4041    0.8962    
lemma posneg   0.0010   10   [1]       20        0.6741    0.5514    0.7968    0.7183    0.7143    0.7222    0.6688    0.4490    0.8886    
lemma posneg   0.0010   10   [1]       25        0.6864    0.5742    0.7986    0.7215    0.7108    0.7321    0.6801    0.4816    0.8785    
lemma posneg   0.0010   10   [1]       30        0.7052    0.6052    0.8051    0.7329    0.7191    0.7468    0.6979    0.5224    0.8734    
lemma posneg   0.0010   10   [1]       40        0.7137    0.6161    0.8112    0.7430    0.7345    0.7516    0.7058    0.5306    0.8810    
lemma posneg   0.0010   10   [1]       50        0.7295    0.6420    0.8170    0.7524    0.7394    0.7655    0.7216    0.5673    0.8759    
lemma posneg   0.0010   10   [2]       10        0.5912    0.4079    0.7745    0.6707    0.6667    0.6748    0.6014    0.2939    0.9089    
lemma posneg   0.0010   100   [2]       20        0.6396    0.4921    0.7871    0.6997    0.6992    0.7002    0.6392    0.3796    0.8987    
lemma posneg   0.0010   10   [2]       25        0.6468    0.4945    0.7991    0.7294    0.7563    0.7025    0.6470    0.3673    0.9266    
lemma posneg   0.0010   10   [2]       30        0.6447    0.4987    0.7907    0.7074    0.7121    0.7028    0.6437    0.3837    0.9038    
lemma posneg   0.0010   10   [2]       40        0.6349    0.4826    0.7872    0.7002    0.7031    0.6973    0.6356    0.3673    0.9038    
lemma posneg   0.0010   10   [2]       50        0.6418    0.4974    0.7862    0.6976    0.6934    0.7018    0.6407    0.3878    0.8937    
lemma posneg   0.0010   10   [1, 2]    10        0.6853    0.5693    0.8014    0.7265    0.7233    0.7297    0.6790    0.4694    0.8886    
lemma posneg   0.0010   10   [1, 2]    20        0.7219    0.6311    0.8127    0.7455    0.7312    0.7599    0.7143    0.5551    0.8734    
lemma posneg   0.0010   10   [1, 2]    25        0.7466    0.6667    0.8266    0.7675    0.7565    0.7785    0.7385    0.5959    0.8810    
lemma posneg   0.0010   10   [1, 2]    30        0.7386    0.6623    0.8150    0.7506    0.7212    0.7801    0.7327    0.6122    0.8532    
lemma posneg   0.0010   10   [1, 2]    40        0.7397    0.6575    0.8219    0.7601    0.7461    0.7740    0.7319    0.5878    0.8759    
lemma posneg   0.0010   10   [1, 2]    50        0.7605    0.6849    0.8361    0.7823    0.7772    0.7875    0.7517    0.6122    0.8911    
lemma posneg   0.0010   10   [1, 2, 3] 10        0.6759    0.5519    0.8000    0.7246    0.7267    0.7224    0.6706    0.4449    0.8962    
lemma posneg   0.0010   10   [1, 2, 3] 20        0.7037    0.6083    0.7991    0.7239    0.6984    0.7494    0.6972    0.5388    0.8557    
lemma posneg   0.0010   10   [1, 2, 3] 25        0.7322    0.6468    0.8175    0.7533    0.7382    0.7684    0.7245    0.5755    0.8734    
lemma posneg   0.0010   10   [1, 2, 3] 30        0.7469    0.6726    0.8213    0.7598    0.7343    0.7852    0.7406    0.6204    0.8608    
lemma posneg   0.0010   10   [1, 2, 3] 40        0.7497    0.6727    0.8268    0.7677    0.7525    0.7828    0.7421    0.6082    0.8759    
lemma posneg   0.0010   10   [1, 2, 3] 50        0.7561    0.6803    0.8319    0.7757    0.7653    0.7860    0.7479    0.6122    0.8835    
lemma posneg   0.0010   10   [2, 3]    10        0.5927    0.4113    0.7741    0.6696    0.6636    0.6755    0.6021    0.2980    0.9063    
lemma posneg   0.0010   10   [2, 3]    20        0.6378    0.4822    0.7934    0.7157    0.7333    0.6981    0.6391    0.3592    0.9190    
lemma posneg   0.0010   10   [2, 3]    25        0.6251    0.4594    0.7909    0.7117    0.7321    0.6913    0.6294    0.3347    0.9241    
lemma posneg   0.0010   10   [2, 3]    30        0.6238    0.4598    0.7878    0.7032    0.7155    0.6908    0.6276    0.3388    0.9165    
lemma posneg   0.0010   10   [2, 3]    40        0.6398    0.4907    0.7890    0.7038    0.7077    0.7000    0.6397    0.3755    0.9038    
lemma posneg   0.0010   10   [2, 3]    50        0.6442    0.5013    0.7871    0.6994    0.6957    0.7032    0.6428    0.3918    0.8937    
lemma pos1     0.0010   10   [1]       10        0.6121    0.4746    0.7497    0.6359    0.5833    0.6886    0.6114    0.4000    0.8228    
lemma pos1     0.0010   10   [1]       20        0.5417    0.3125    0.7708    0.6608    0.6667    0.6549    0.5704    0.2041    0.9367    
lemma pos1     0.0056   10   [1]       25        0.6277    0.4654    0.7900    0.7084    0.7241    0.6927    0.6309    0.3429    0.9190    
lemma pos1     0.0010   100   [1]       30        0.6121    0.4521    0.7721    0.6673    0.6489    0.6857    0.6152    0.3469    0.8835    
lemma pos1     0.0010   100   [1]       40        0.6389    0.4961    0.7816    0.6884    0.6761    0.7008    0.6377    0.3918    0.8835    
lemma pos1     0.0010   100   [1]       50        0.6407    0.5025    0.7788    0.6835    0.6644    0.7026    0.6387    0.4041    0.8734    
lemma pos1     0.0010   10   [2]       10        0.5967    0.4071    0.7864    0.7058    0.7340    0.6777    0.6092    0.2816    0.9367    
lemma pos1     0.0010   1000   [2]       20        0.6212    0.4501    0.7922    0.7172    0.7453    0.6891    0.6270    0.3224    0.9316    
lemma pos1     0.0010   100   [2]       25        0.6453    0.4946    0.7961    0.7210    0.7398    0.7021    0.6452    0.3714    0.9190    
lemma pos1     0.0056   10   [2]       30        0.6400    0.4892    0.7907    0.7082    0.7165    0.6998    0.6401    0.3714    0.9089    
lemma pos1     0.0010   10   [2]       40        0.6372    0.4881    0.7863    0.6979    0.6970    0.6988    0.6371    0.3755    0.8987    
lemma pos1     0.0010   10   [2]       50        0.6356    0.4882    0.7831    0.6911    0.6838    0.6984    0.6354    0.3796    0.8911    
lemma pos1     0.0010   1000   [1, 2]    10        0.6123    0.4451    0.7795    0.6829    0.6807    0.6852    0.6172    0.3306    0.9038    
lemma pos1     0.0010   10   [1, 2]    20        0.6340    0.4767    0.7913    0.7106    0.7250    0.6962    0.6358    0.3551    0.9165    
lemma pos1     0.0010   10   [1, 2]    25        0.6645    0.5277    0.8013    0.7299    0.7463    0.7134    0.6610    0.4082    0.9139    
lemma pos1     0.0010   10   [1, 2]    30        0.6685    0.5499    0.7871    0.7011    0.6807    0.7215    0.6635    0.4612    0.8658    
lemma pos1     0.0010   10   [1, 2]    40        0.6952    0.5905    0.8000    0.7242    0.7086    0.7398    0.6885    0.5061    0.8709    
lemma pos1     0.0010   100   [1, 2]    50        0.6998    0.5891    0.8105    0.7432    0.7484    0.7380    0.6922    0.4857    0.8987    
lemma pos1     0.0010   10   [1, 2, 3] 10        0.6347    0.4840    0.7854    0.6961    0.6947    0.6974    0.6351    0.3714    0.8987    
lemma pos1     0.0010   10   [1, 2, 3] 20        0.6329    0.4722    0.7935    0.7172    0.7391    0.6952    0.6355    0.3469    0.9241    
lemma pos1     0.0010   100   [1, 2, 3] 25        0.6828    0.5550    0.8107    0.7487    0.7737    0.7237    0.6771    0.4327    0.9215    
lemma pos1     0.0010   10   [1, 2, 3] 30        0.6503    0.5104    0.7902    0.7058    0.7050    0.7066    0.6481    0.4000    0.8962    
lemma pos1     0.0010   100   [1, 2, 3] 40        0.6934    0.5813    0.8055    0.7339    0.7329    0.7349    0.6864    0.4816    0.8911    
lemma pos1     0.0010   10   [1, 2, 3] 50        0.6845    0.5672    0.8018    0.7274    0.7261    0.7288    0.6782    0.4653    0.8911    
lemma pos1     0.0010   10   [2, 3]    10        0.6010    0.4152    0.7868    0.7058    0.7320    0.6796    0.6120    0.2898    0.9342    
lemma pos1     0.0056   10   [2, 3]    20        0.6290    0.4615    0.7966    0.7285    0.7642    0.6929    0.6337    0.3306    0.9367    
lemma pos1     0.0010   10   [2, 3]    25        0.6186    0.4457    0.7914    0.7154    0.7429    0.6879    0.6250    0.3184    0.9316    
lemma pos1     0.0010   10   [2, 3]    30        0.6066    0.4265    0.7867    0.7038    0.7255    0.6822    0.6156    0.3020    0.9291    
lemma pos1     0.0010   10   [2, 3]    40        0.6400    0.4892    0.7907    0.7082    0.7165    0.6998    0.6401    0.3714    0.9089    
lemma pos1     0.0010   10   [2, 3]    50        0.6426    0.4919    0.7934    0.7145    0.7280    0.7010    0.6427    0.3714    0.9139    
lemma posneg   0.0010   10   [1, 2]    60        0.7397    0.6575    0.8219    0.7601    0.7461    0.7740    0.7319    0.5878    0.8759    
lemma posneg   0.0010   10   [1, 2]    70        0.7402    0.6695    0.8108    0.7467    0.7059    0.7876    0.7361    0.6367    0.8354    
lemma posneg   0.0010   10   [1, 2]    80        0.7575    0.6923    0.8227    0.7637    0.7265    0.8010    0.7534    0.6612    0.8456    
lemma posneg   0.0010   10   [1, 2]    90        0.7556    0.6895    0.8216    0.7621    0.7252    0.7990    0.7514    0.6571    0.8456    
lemma posneg   0.0010   10   [1, 2]    100       0.7397    0.6709    0.8084    0.7445    0.6991    0.7899    0.7364    0.6449    0.8278    
lemma posneg   0.0010   10   [1, 2]    110       0.7353    0.6638    0.8069    0.7414    0.6982    0.7847    0.7315    0.6327    0.8304    
lemma posneg   0.0010   10   [1, 2]    120       0.7165    0.6395    0.7936    0.7225    0.6742    0.7709    0.7129    0.6082    0.8177    
lemma posneg   0.0010   10   [1, 2]    130       0.7090    0.6345    0.7836    0.7119    0.6537    0.7702    0.7069    0.6163    0.7975    
lemma posneg   0.0010   10   [1, 2]    140       0.7195    0.6485    0.7905    0.7221    0.6652    0.7789    0.7176    0.6327    0.8025    
lemma posneg   0.0010   10   [1, 2]    150       0.7181    0.6472    0.7890    0.7204    0.6624    0.7783    0.7163    0.6327    0.8000    
lemma posneg   0.0010   10   [1, 2, 3] 60        0.7408    0.6558    0.8259    0.7668    0.7622    0.7714    0.7321    0.5755    0.8886    
lemma posneg   0.0010   10   [1, 2, 3] 70        0.7190    0.6356    0.8024    0.7315    0.6976    0.7655    0.7134    0.5837    0.8430    
lemma posneg   0.0010   10   [1, 2, 3] 80        0.7327    0.6533    0.8120    0.7459    0.7171    0.7747    0.7266    0.6000    0.8532    
lemma posneg   0.0010   10   [1, 2, 3] 90        0.7439    0.6667    0.8211    0.7592    0.7376    0.7808    0.7370    0.6082    0.8658    
lemma posneg   0.0010   10   [1, 2, 3] 100       0.7235    0.6380    0.8091    0.7405    0.7157    0.7652    0.7169    0.5755    0.8582    
lemma posneg   0.0010   10   [1, 2, 3] 110       0.7103    0.6325    0.7882    0.7155    0.6637    0.7674    0.7071    0.6041    0.8101    
lemma posneg   0.0010   10   [1, 2, 3] 120       0.7093    0.6293    0.7892    0.7158    0.6667    0.7648    0.7056    0.5959    0.8152    
lemma posneg   0.0010   10   [1, 2, 3] 130       0.7156    0.6397    0.7916    0.7206    0.6696    0.7716    0.7125    0.6122    0.8127    
lemma posneg   0.0010   10   [1, 2, 3] 140       0.7156    0.6397    0.7916    0.7206    0.6696    0.7716    0.7125    0.6122    0.8127    
lemma posneg   0.0010   10   [1, 2, 3] 150       0.7059    0.6250    0.7868    0.7123    0.6621    0.7625    0.7022    0.5918    0.8127   
pos posneg     0.0010   10   [1, 2]    60        0.6846    0.5934    0.7758    0.6935    0.6429    0.7442    0.6806    0.5510    0.8101    
pos posneg     0.0010   10   [1, 2]    70        0.6875    0.5937    0.7812    0.6994    0.6552    0.7437    0.6828    0.5429    0.8228    
pos posneg     0.0056   100   [1, 2]    80        0.6517    0.5352    0.7681    0.6722    0.6298    0.7146    0.6478    0.4653    0.8304    
pos posneg     0.0056   10   [1, 2]    90        0.6245    0.4890    0.7600    0.6526    0.6098    0.6954    0.6231    0.4082    0.8380    
pos posneg     0.0056   10   [1, 2]    100       0.6403    0.5038    0.7769    0.6804    0.6579    0.7029    0.6383    0.4082    0.8684    
pos posneg     0.0056   10   [1, 2]    110       0.6396    0.5000    0.7793    0.6842    0.6667    0.7018    0.6380    0.4000    0.8759    
pos posneg     0.0056   10   [1, 2]    120       0.6267    0.4779    0.7754    0.6756    0.6571    0.6940    0.6270    0.3755    0.8785    
pos posneg     0.0056   100   [1, 2]    130       0.6267    0.4779    0.7754    0.6756    0.6571    0.6940    0.6270    0.3755    0.8785    
pos posneg     0.1778   10   [1, 2]    140       0.3861    0.0081    0.7640    0.8091    1.0000    0.6182    0.5020    0.0041    1.0000    
pos posneg     0.0056   10   [1, 2]    150       0.6135    0.4516    0.7753    0.6738    0.6614    0.6862    0.6170    0.3429    0.8911    
pos posneg     0.0056   10   [1, 2, 3] 60        0.6496    0.5187    0.7804    0.6877    0.6667    0.7087    0.6464    0.4245    0.8684    
pos posneg     0.0056   10   [1, 2, 3] 70        0.6444    0.5000    0.7889    0.7033    0.7037    0.7030    0.6432    0.3878    0.8987    
pos posneg     0.0056   10   [1, 2, 3] 80        0.6174    0.4482    0.7866    0.7009    0.7143    0.6875    0.6228    0.3265    0.9190    
pos posneg     0.0056   10   [1, 2, 3] 90        0.5985    0.4128    0.7842    0.6978    0.7172    0.6784    0.6095    0.2898    0.9291    
pos posneg     0.0056   10   [1, 2, 3] 100       0.5583    0.3375    0.7792    0.6910    0.7200    0.6619    0.5836    0.2204    0.9468    
pos posneg     0.0316   10   [1, 2, 3] 110       0.3855    0.0081    0.7628    0.5588    0.5000    0.6176    0.5008    0.0041    0.9975    
pos posneg     0.0010   10   [1, 2, 3] 120       0.6655    0.5683    0.7627    0.6740    0.6172    0.7309    0.6620    0.5265    0.7975    
pos posneg     0.0316   10   [1, 2, 3] 130       0.3855    0.0081    0.7628    0.5588    0.5000    0.6176    0.5008    0.0041    0.9975    
pos posneg     0.0010   100   [1, 2, 3] 140       0.6532    0.5572    0.7491    0.6584    0.5917    0.7251    0.6506    0.5265    0.7747    
pos posneg     0.0010   10   [1, 2, 3] 150       0.6824    0.5926    0.7722    0.6898    0.6355    0.7441    0.6788    0.5551    0.8025    
dummy freq     0.0000   0   [1, 2]    40        0.3816    0.0000    0.7633    0.3086    0.0000    0.6172    0.5000    0.0000    1.0000    
dummy strat    0.0000   0   [1, 2]    40        0.4649    0.3277    0.6020    0.4647    0.3377    0.5917    0.4655    0.3184    0.6127    
dummy unif     0.0000   0   [1, 2]    40        0.5085    0.4432    0.5738    0.5135    0.3968    0.6303    0.5143    0.5020    0.5266    
